#module 0 size: 126 bs: 0.00349014
17 21 27 31 32 37 41 45 51 67 76 83 92 93 104 109 120 130 141 142 148 167 187 188 189 192 193 208 214 215 217 218 220 223 224 227 230 242 248 250 253 284 290 299 305 315 316 326 333 341 344 368 385 389 394 395 400 418 428 435 437 458 459 469 470 501 504 516 527 529 547 550 555 557 572 575 582 593 600 606 613 619 623 625 644 646 647 650 653 655 656 667 690 708 711 713 716 721 728 743 744 745 748 749 760 761 774 776 790 797 801 802 804 807 808 820 828 836 849 876 887 893 898 911 916 919 
#module 1 size: 174 bs: 0.0800188
2 3 5 12 16 22 23 24 25 36 38 39 41 42 53 55 56 64 68 70 85 86 90 91 93 101 107 108 115 120 124 128 146 148 150 157 163 167 174 188 195 196 197 204 208 211 215 227 235 236 240 241 242 261 263 267 279 281 283 286 287 293 299 304 312 315 318 326 328 337 341 344 346 354 358 364 366 373 379 381 397 400 409 412 422 446 463 464 467 473 480 481 483 488 489 490 492 494 499 500 517 518 519 532 534 544 549 555 556 560 561 577 589 591 592 610 615 625 645 648 649 650 651 656 658 667 669 675 685 686 691 697 698 699 701 711 714 715 717 718 720 722 725 739 740 752 757 763 771 772 774 785 799 802 806 807 810 827 834 844 846 853 862 872 873 881 891 892 894 913 916 920 921 924 
#module 2 size: 56 bs: 2.34235e-06
9 40 48 71 98 105 117 134 154 161 171 184 191 201 207 216 222 245 249 272 276 303 325 383 391 396 403 433 448 450 454 460 502 506 551 558 567 588 604 634 661 668 678 687 704 710 782 830 831 866 879 884 901 905 906 912 
#module 3 size: 113 bs: 0.0354484
1 7 8 35 75 79 80 84 87 96 99 112 162 165 169 177 179 181 183 186 194 203 222 233 237 265 270 278 296 308 313 324 332 335 349 350 355 361 367 370 376 377 398 402 406 408 411 413 415 421 423 453 462 475 479 509 538 554 578 581 594 598 614 616 620 622 624 629 630 637 638 640 657 659 680 683 689 705 707 729 731 732 746 751 754 756 767 769 775 777 781 784 788 795 796 803 805 813 840 847 851 855 860 864 869 880 886 895 896 900 902 908 923 
#module 4 size: 159 bs: 0.0504239
2 6 13 14 28 58 63 74 84 86 88 89 94 95 99 106 110 111 116 121 122 129 135 139 140 143 158 164 165 168 185 194 200 210 212 226 233 238 239 243 254 265 271 272 275 278 280 282 291 312 313 314 319 322 323 329 332 334 338 347 349 359 367 370 376 380 388 402 404 405 408 414 416 423 426 430 431 443 444 445 455 456 457 461 465 485 486 487 499 503 508 512 517 521 522 528 542 549 562 563 565 571 574 578 581 586 594 599 602 605 610 618 620 627 636 638 643 657 664 665 684 686 689 692 694 709 717 726 727 734 736 738 739 754 759 764 778 788 796 803 811 813 816 823 825 832 838 843 852 856 860 867 878 897 899 909 910 914 918 
#module 5 size: 217 bs: 0.00285333
10 11 19 30 46 50 52 54 57 60 61 65 72 73 78 103 113 114 118 119 123 125 131 132 133 136 138 144 147 149 153 159 160 166 172 182 198 205 206 225 228 234 244 247 257 258 259 260 262 264 268 273 274 277 285 288 289 292 294 297 301 302 307 309 310 320 321 327 330 331 336 340 345 348 352 353 356 357 362 369 375 378 382 384 386 387 392 393 399 401 417 420 424 425 429 432 436 438 439 440 441 451 452 466 471 472 474 478 484 491 493 497 498 505 510 514 515 520 523 524 525 526 531 533 535 537 539 540 545 546 548 553 568 570 573 580 584 596 597 601 603 607 611 617 628 631 632 633 635 639 641 642 652 654 662 663 673 677 679 681 688 693 696 712 719 723 730 733 735 737 747 753 762 765 768 770 773 774 780 783 787 789 791 792 793 794 798 814 815 817 818 819 821 822 824 833 835 837 839 850 854 857 858 859 861 863 865 870 874 877 882 883 885 888 889 890 922 
#module 6 size: 74 bs: 0.0711771
4 11 29 33 43 59 62 66 69 77 97 100 126 132 151 152 170 175 176 178 202 204 209 221 231 271 295 297 300 306 311 317 343 372 375 419 424 442 482 491 496 508 523 525 552 559 563 576 583 587 590 599 602 608 621 626 651 674 676 693 706 719 747 750 755 758 774 800 809 812 826 842 889 917 
#module 7 size: 99 bs: 0.0826752
20 26 34 44 47 49 81 102 127 132 168 180 190 199 213 219 229 231 234 246 251 252 255 266 269 297 298 299 309 317 329 339 351 360 363 365 371 374 375 390 404 407 410 427 442 447 449 468 476 477 491 495 507 511 513 523 525 530 536 541 543 564 569 579 585 595 599 609 612 664 666 670 671 672 682 684 693 695 702 703 719 724 741 742 747 766 774 779 826 829 845 848 868 871 875 903 904 907 915 
#module 8 size: 1 bs: 1
15 
#module 9 size: 1 bs: 1
18 
#module 10 size: 1 bs: 1
566 
#module 11 size: 1 bs: 1
137 
#module 12 size: 1 bs: 1
82 
#module 13 size: 1 bs: 1
173 
#module 14 size: 1 bs: 1
660 
#module 15 size: 1 bs: 1
434 
#module 16 size: 1 bs: 1
156 
#module 17 size: 1 bs: 1
256 
#module 18 size: 1 bs: 1
342 
#module 19 size: 1 bs: 1
700 
#module 20 size: 1 bs: 1
145 
#module 21 size: 1 bs: 1
155 
#module 22 size: 1 bs: 1
232 
#module 23 size: 1 bs: 1
786 
